Point(x=4.85057122750390330433014774845690325940033540110422764146149706704984961847838462175367562988623210644689151060385830985493965537584825006903699918005698470402542767276523398111510174025601811323527600859249876547306988688344166390608748190, y=9.87789077496982192809140902261474042136361328873826618292731494933661532935267994217820007421649597601541657151434891797385177282719442155927874875209661909760176717387846469008534007174587603568767109138181793952471643100734778684208975367)
Point(x=14.6291715870227010270603447705099642062932549788679450534625902324668696595989549084153588377210135662551306850345710441061288798249363739503554577196027351649478485916115558430512623160495597643113114945568549632790168083747304533148749256, y=-55.5422400477503792524895176160494754137265713945942105661081051205424768891166215797738467415408445726009305745975391949619787546987772117912621958687123922494608661071102641576350850861266231818560288901594219333219685647260080309129676830)